10.150000
10.592500
12.012875
11.962231
12.214120
12.003414
12.153243
13.845581
15.153302
15.595637
16.015855
16.315062
16.699309
16.764344
17.126126
17.019820
16.868829
18.575388
19.996618
20.546787
21.619448
21.638476
24.056552
24.203724
24.743538
25.856361
27.113543
27.807866
28.067473
27.914099
27.418394
27.197474
26.787601
26.098221
26.743310
26.806144
26.765837
26.427545
26.256168
25.993359
26.043691
26.341507
26.924431
29.978210
29.629299
29.447834
29.225443
30.964171
32.665962
36.432664
36.411031
35.940479
38.393455
40.623783
42.542593
44.965464
44.867191
44.173831
44.565139
43.536882
43.160038
43.052036
42.999435
42.649463
43.516990
42.741140
41.504083
40.528879
40.652435
42.469813
48.396323
48.776507
47.887681
48.593297
48.663632
51.630451
51.698928
50.813982
49.273283
50.159619
49.001638
48.301556
46.736478
48.199654
48.889671
48.595188
48.515428
48.389657
49.020174
49.819165
51.078207
51.874297
51.480582
52.806553
55.516225
57.440414
62.518393
61.792474
60.902850
62.657707
61.874822
60.231081
59.819527
57.778551
57.089623
58.935142
59.038385
62.436466
62.914642
63.768910
62.630465
66.298941
74.433994
76.462295
86.239180
89.827221
87.335860
95.919067
96.073114
101.619458
112.688485
109.404061
111.783858
117.044665
120.442432
121.420310
123.449294
135.826830
136.985488
138.686214
156.751903
157.564308
154.386093
160.266788
167.103449
163.548276
159.370862
162.402319
161.682203
158.548093
161.120688
160.164654
157.356421
155.588600
152.709170
150.423712
146.602526
146.022400
144.821280
150.630216
153.548705
156.421270
162.050206
178.947696
176.000311
175.800296
174.560281
180.882267
178.838153
175.446246
172.223934
176.062737
175.659600
174.226620
168.415289
163.194525
161.534798
158.308058
157.142655
157.385523
158.566247
153.537934
150.061038
144.407986
141.037586
138.885707
137.291422
131.576851
126.098008
127.893108
127.298452
126.583530
127.204353
125.794136
141.304429
139.139207
138.132247
142.325635
148.709353
152.673885
170.040191
175.638181
177.406272
172.785959
189.146661
204.689328
219.454861
233.482118
246.808012
259.467612
271.494231
282.919520
293.773544
297.484866
307.610623
312.030092
321.428587
324.607158
333.376800
341.707960
349.622562
357.141434
364.284362
371.070144
377.516637
383.640805
389.458765
380.585827
386.556535
392.228709
377.967273
380.168909
376.210464
360.849941
350.207444
342.247072
329.034718
325.332982
319.316333
317.050516
311.097991
301.043091
299.490936
309.516390
300.290570
308.676042
308.992240
305.542628
315.265496
324.502221
333.277110
341.613255
349.532592
357.055962
364.203164
370.993006
368.343356
374.926188
381.179879
387.120885
392.764840
398.126598
403.220269
408.059255
412.656292
417.023478
421.172304
425.113689
428.858004
432.415104
425.994349
410.544631
415.017400
416.666530
420.833203
407.741543
412.354466
416.736743
420.899906
411.554910
415.977165
420.178307
424.169391
406.560922
401.532876
406.456232
401.333420
406.266749
410.953412
415.405741
399.885454
404.891181
409.646622
414.164291
408.056077
412.653273
399.620609
380.839579
386.797600
392.457720
381.734834
387.648092
393.265687
398.602403
388.672283
394.238669
399.526735
404.550399
409.322879
413.856735
398.613898
403.683203
408.499043
396.224091
391.912886
379.167242
371.208880
358.948436
366.001014
360.150963
349.143415
338.986244
331.886932
323.192586
315.332956
306.816309
300.825493
292.234218
284.922508
277.176382
270.667563
265.484185
261.109976
259.454477
263.081753
269.677665
281.193782
273.684093
270.699888
266.114894
264.959149
261.411192
273.340632
271.773601
275.484921
286.710675
279.625141
274.693884
285.959190
296.661230
306.828169
316.486760
325.662422
334.379301
342.660336
350.527319
358.000953
365.100906
371.845860
378.253567
384.340889
390.123844
395.617652
400.836770
405.794931
410.505185
414.979925
419.230929
423.269383
427.105914
430.750618
434.213087
437.502433
440.627311
443.595945
446.416148
449.095341
451.640574
454.058545
456.355618
458.537837
460.610945
462.580398
464.451378
466.228809
467.917369
469.521500
471.045425
472.493154
473.868496
475.175071
