11.250000
11.637500
13.855625
14.462844
14.239702
14.477716
14.753831
14.716139
14.880332
15.136316
15.479500
15.955525
18.057749
17.854861
21.112118
20.956512
21.058687
22.505752
24.380465
24.511441
24.335869
26.919076
26.473122
26.699466
27.564493
27.986268
28.086955
29.082607
28.928477
31.682053
31.397950
31.578053
32.399150
34.879192
34.135233
36.528471
36.002048
38.301945
39.286848
38.822506
39.931380
39.734811
39.498071
39.123167
38.017009
39.266158
39.202850
40.242708
41.530573
41.854044
44.461342
50.888275
49.843861
58.951668
59.554084
65.776380
74.537561
81.760683
86.372649
88.254017
98.091316
100.286750
105.872412
121.128792
124.222352
121.861235
124.568173
119.539764
121.362776
123.194637
128.284905
129.120660
128.964627
129.166396
131.758076
132.320172
133.954164
132.606455
133.126133
134.419826
136.548835
138.621393
134.940323
132.843307
128.701142
130.116085
129.060280
129.357266
130.089403
142.034933
140.183186
144.724027
146.387826
149.918434
151.622513
153.441387
160.919318
175.373352
184.154684
182.896950
196.202102
192.441997
195.669897
207.036403
204.534582
211.307853
210.742461
204.855338
217.412571
217.491942
211.617345
211.886478
207.842154
211.950046
213.402544
223.732417
215.395796
216.176006
211.867206
220.573846
227.845153
235.202896
231.642751
235.960613
228.912583
227.216953
230.606106
228.425801
221.204510
213.744285
222.307071
232.891717
228.197131
230.937275
228.490411
239.765890
252.777596
264.688716
269.454280
280.981566
291.932488
293.835864
304.144070
299.536867
297.960024
291.962022
287.363921
278.745725
274.358439
269.490517
265.815991
261.275192
257.861432
254.618360
254.287442
255.573070
254.194417
266.484696
276.260461
287.447438
287.925066
298.528813
286.752372
284.414754
295.194016
305.434315
315.162599
324.404469
333.184246
328.025034
336.623782
344.792593
350.452963
349.880315
350.836299
358.294484
351.229760
358.668272
365.734859
362.698116
360.863210
367.820049
374.429047
380.707595
386.672215
389.388604
385.169174
375.010715
366.760179
359.022170
348.471062
341.597509
332.867633
324.124252
315.968039
309.669637
301.736155
295.249348
288.736880
285.200036
283.040034
279.338033
278.071131
275.117574
273.061696
272.908611
267.363180
267.395021
274.775270
280.636507
279.154681
288.146947
290.189600
300.680120
310.646114
320.113808
329.108118
337.652712
345.770076
353.481573
360.807494
367.767119
374.378763
374.709825
380.974334
386.925617
390.829336
394.587869
389.158476
385.900552
387.405525
383.135248
377.278486
369.964562
366.416334
363.445517
356.973241
350.474579
344.200850
340.590808
332.461267
326.338204
320.571294
311.392729
306.223092
301.461938
295.388841
291.169399
287.710929
281.975383
276.026613
273.625283
270.094019
259.839318
257.247352
258.234984
249.323235
248.457073
243.534220
242.107509
238.952133
236.704527
233.869300
230.775835
228.637043
225.605191
223.724932
220.688685
217.354251
215.736538
213.699711
209.564726
207.236490
207.424665
206.803432
206.913260
211.067597
211.314217
210.648506
210.216081
204.405277
202.235013
200.873263
198.929599
198.083119
197.578963
196.350015
196.882515
197.488389
197.163969
198.005771
196.805482
196.615208
194.484448
195.760225
196.322214
196.606103
195.425798
195.704508
195.219283
197.308319
196.092903
195.388258
195.418845
196.947903
197.350507
200.332982
203.166333
204.208016
206.297616
206.832735
209.791098
213.301543
212.736466
219.099643
224.594661
233.514927
236.439181
244.167222
252.558861
264.930918
276.684372
287.850153
298.457646
308.534763
318.108025
322.752624
331.614993
331.284243
339.720031
347.734029
355.347328
350.629962
346.848464
347.206040
345.545738
350.718451
351.882529
359.288402
365.223982
371.962783
370.014644
366.013912
372.713216
375.627555
380.796178
386.756369
392.418550
397.797623
402.907742
399.812355
404.821737
409.580650
405.901618
410.456537
413.183710
413.474524
407.450798
407.978258
403.979345
400.980378
392.281359
385.567291
377.388927
371.119480
369.513506
366.737831
357.900939
360.405892
353.335598
356.568818
358.090377
365.185858
371.926565
378.330237
384.413725
390.193039
395.683387
400.899218
405.304257
410.039044
414.537092
418.810237
422.869725
426.726239
430.389927
433.870431
437.176909
440.318064
443.302161
446.137052
448.830200
451.388690
453.819255
456.128293
458.321878
460.405784
462.385495
464.266220
466.052909
467.750264
469.362750
458.694613
440.859882
432.966888
428.268544
421.105117
413.849861
403.307368
398.391999
395.822399
394.631279
396.149715
394.642230
379.210118
376.699612
371.214632
357.053900
356.401205
362.981145
353.982088
355.782983
357.243834
361.931642
353.235060
341.123307
337.017142
327.766285
324.777971
332.189072
322.479618
318.005637
322.605356
322.325088
330.958833
339.010892
333.810347
327.169830
324.661338
319.078271
317.124358
306.918140
302.472233
297.798621
295.458690
294.185756
293.626468
290.045145
287.042887
289.940743
287.943706
274.296521
268.531694
275.055110
270.002354
276.352237
287.534625
294.807893
305.067499
310.164124
316.655918
301.273122
311.209466
316.298992
317.784043
319.594841
328.615099
337.184344
345.325127
353.058870
349.855927
357.363130
364.494974
371.270225
377.706714
383.821378
389.630309
395.148794
400.391354
405.371786
410.103197
414.598037
418.868135
406.874729
400.580992
393.251943
398.589345
397.909878
394.914384
390.368665
378.050232
364.847720
366.055334
357.702567
342.217439
328.806567
328.766239
322.877927
312.934031
301.237329
290.025463
299.024189
291.172980
301.614331
298.283614
308.369434
317.950962
327.053414
335.700743
343.915706
351.719921
359.133925
366.177228
372.868367
379.224949
385.263701
391.000516
396.450490
401.627966
406.546568
411.219239
415.658277
419.875363
423.881595
427.687515
431.303140
434.737983
438.001084
441.101029
444.045978
446.843679
449.501495
452.026420
454.425099
456.703844
458.868652
460.925220
462.878959
464.735011
466.498260
468.173347
469.764680
471.276446
472.712623
474.076992
475.373143
