10.100000
10.695000
11.010250
11.609737
11.529251
11.452788
11.330149
11.663641
12.180459
12.271436
12.207864
12.247471
12.735098
13.098343
12.943426
12.846254
12.853942
13.061245
13.208182
14.147773
15.190385
15.130865
14.924322
14.828106
14.686701
14.752366
14.664747
14.431510
14.309934
14.044438
13.842216
13.750105
13.612600
13.481970
13.257871
13.044978
12.892729
12.748092
12.760688
12.822653
12.781521
12.542445
12.415322
12.344556
12.777329
12.938462
12.841539
12.699462
12.714489
12.478765
12.554826
12.427085
12.355731
12.637944
12.456047
12.333245
12.166582
12.158253
12.150341
11.992824
11.793182
11.653523
11.770847
11.582305
11.603190
11.523030
11.446879
11.324535
11.208308
11.197892
11.137998
11.031098
11.129543
11.073066
10.969413
10.870942
10.827395
10.786025
10.746724
10.809388
10.768918
10.680472
10.646449
10.614126
10.533420
10.506749
10.531412
10.604841
10.574599
10.495869
10.571076
10.542522
10.465396
10.442126
10.420020
10.399019
10.329068
10.312614
10.246984
10.234634
10.472903
10.499258
10.424295
10.403080
10.382926
10.363780
10.395591
10.275811
10.312021
10.346420
10.329099
10.262644
10.249511
10.287036
10.222684
10.211550
10.150972
10.343424
10.276253
10.262440
10.149318
10.141852
10.284759
10.220521
10.209495
10.199021
10.189070
10.179616
10.270635
10.307104
10.291748
10.227161
10.265803
10.302513
10.237387
10.225518
10.214242
10.253530
10.190853
10.281311
10.217245
10.256383
10.193564
10.283886
10.169691
10.211207
10.200646
10.190614
10.131083
10.124529
10.018303
9.967388
9.969018
9.870567
9.877039
9.833187
9.941528
9.894451
9.799729
9.809742
9.869255
9.825792
9.834503
9.792778
9.803139
9.812982
9.872333
9.828716
9.787280
9.797916
9.808020
9.967619
9.919238
9.923277
9.827113
9.835757
9.843969
9.951771
10.004182
10.003973
9.953774
9.956086
9.908281
9.912867
9.917224
9.921363
10.075295
10.071530
9.967953
9.869556
9.826078
9.784774
9.845535
9.803259
10.163096
10.154941
10.147194
10.139834
10.132842
10.076200
10.222390
10.211271
10.100707
10.045672
10.043388
9.991219
9.891658
9.997075
9.997221
9.997360
9.997492
9.997618
9.947737
10.000350
10.050332
10.097816
10.092925
10.238279
10.226365
10.365047
10.246794
10.134455
10.227732
10.416345
10.395528
10.375752
10.356964
10.339116
10.322160
10.306052
10.290749
10.276212
10.262401
10.299281
10.184317
10.175101
10.166346
10.108029
10.052628
10.049996
9.947496
9.950122
10.202615
10.142485
10.135360
10.078592
10.074663
10.070930
10.067383
10.014014
10.013313
10.112648
10.107015
10.051664
10.049081
10.196627
10.186796
10.177456
10.218583
10.157654
10.149771
10.142283
10.135169
10.078410
10.074490
10.020765
9.969727
9.871241
9.977679
9.878795
9.934855
9.938112
9.891207
9.846646
9.754314
9.766598
9.678268
9.594355
9.564637
9.536405
9.459585
9.436606
9.364776
9.346537
9.529210
9.502749
9.427612
9.406231
9.435920
9.464124
9.490918
9.616372
9.685553
9.701275
9.866212
10.022901
10.121756
10.215668
10.154885
10.147141
10.139784
10.082794
10.078655
10.324722
10.458486
10.435562
10.363783
10.245594
10.533315
10.506649
10.431316
10.309751
10.294263
10.229550
10.218072
10.107169
10.151810
10.194220
10.084509
10.030283
10.028769
9.977331
10.078464
10.074541
10.020814
9.969773
9.921285
9.925220
9.928959
9.932511
9.885886
9.891592
9.797012
9.857161
9.814303
9.773588
9.734909
9.698163
9.713255
9.677592
9.693713
9.659027
9.676076
9.642272
9.660158
9.627150
9.595793
9.616003
9.535203
9.558443
9.530521
9.503995
9.478795
9.504855
9.529613
9.553132
9.525475
9.499202
9.424241
9.453029
9.380378
9.361359
9.393291
9.473627
9.499945
9.524948
9.448701
9.376266
9.407452
9.437080
9.415226
9.394464
9.324741
9.308504
9.293079
9.228425
9.267004
9.253654
9.290971
9.326422
9.310101
9.294596
9.329866
9.363373
9.495204
9.420444
9.449422
9.476951
9.403103
9.332948
9.366301
9.397986
9.428086
9.406682
9.436348
9.414531
9.443804
9.471614
9.448033
9.425631
9.454350
9.431632
9.410051
9.439548
9.467571
9.494192
9.519483
9.543509
9.566333
9.588016
9.608616
9.628185
9.646776
9.614437
9.583715
9.554529
9.526803
9.500463
9.475440
9.451668
9.529084
9.502630
9.427498
9.456124
9.483317
9.509151
9.533694
9.657009
9.674159
9.640451
9.608428
9.628007
9.646607
9.664276
9.581062
9.502009
9.476909
9.503063
9.527910
9.501515
9.476439
9.402617
9.432486
9.460862
9.487819
9.463428
9.440256
9.368244
9.399831
9.429840
9.458348
9.485430
9.461159
9.488101
9.463696
9.490511
9.465986
9.442686
9.370552
9.402024
9.431923
9.360327
9.392311
9.372695
9.304060
9.238857
9.176914
9.168069
9.209665
9.199182
9.239223
9.277262
9.263399
9.300229
9.285217
9.270956
9.307409
9.292038
9.277436
9.313564
9.347886
9.330492
9.363967
9.345769
9.328481
9.262057
9.248954
9.236506
9.224681
9.213447
9.202774
9.342636
9.275504
9.311729
9.296142
9.331335
9.314768
9.399030
9.379078
9.410125
9.389618
9.370137
9.351631
9.284049
9.269847
9.256354
9.243536
9.231360
9.269792
9.256302
9.293487
9.278813
9.214872
9.254128
9.291422
9.326851
9.260508
9.297483
9.332609
9.365978
9.397679
9.427795
9.406406
9.436085
9.414281
9.393567
9.423889
9.402694
9.432560
9.410932
9.390385
9.470866
9.497322
9.622456
9.591334
9.611767
9.581179
9.602120
9.572014
9.543413
9.566242
9.537930
9.561034
9.482982
9.658833
9.675891
9.642097
9.609992
9.679492
9.745518
9.708242
9.722830
9.686688
9.602354
9.622236
9.591124
9.561568
9.533490
9.506815
9.731474
9.794901
9.755156
9.717398
9.681528
9.647452
9.665079
9.681825
9.647734
9.715347
9.779580
9.790601
9.701071
9.716017
9.630216
9.598706
9.518770
9.492832
9.468190
9.594781
9.565042
9.686790
9.702450
9.717328
9.681461
9.597388
9.617519
9.636643
9.604811
9.574570
9.595842
9.566050
9.637747
9.655860
9.673067
9.689413
9.654943
9.622196
9.641086
9.659031
9.626080
9.644776
9.612537
9.531910
9.455315
9.482549
9.458422
9.435500
9.413725
9.543039
9.615887
9.585093
9.505838
9.530546
9.504019
9.528818
9.502377
9.477258
9.503395
9.528226
9.551814
9.524224
9.448012
9.475612
9.451831
9.429240
9.457778
9.484889
9.410644
9.490112
9.515607
9.539826
9.512835
9.537193
9.510333
9.484817
9.510576
9.485047
9.510795
9.535255
9.508492
9.433068
9.411414
9.390844
9.371301
9.402736
9.382600
9.363470
9.395296
9.375531
9.356755
9.388917
9.419471
9.398498
9.428573
9.407144
9.336787
9.369948
9.351450
9.333878
9.267184
9.203825
9.243633
9.331452
9.264879
9.251635
9.289053
9.274601
9.210871
9.200327
9.290311
9.275795
9.312005
9.296405
9.331585
9.265006
9.301755
9.336668
9.269834
9.256343
9.193525
9.183849
9.174657
9.115924
9.160128
9.202121
9.192015
9.232414
9.220794
9.259754
9.296766
9.331928
9.365332
9.347065
9.329712
9.413226
9.392565
9.472937
9.449290
9.476825
9.452984
9.430335
9.458818
9.485877
9.511583
9.536004
9.509204
9.533744
9.557057
9.679204
9.645244
9.662981
9.679832
9.695841
9.661049
9.677996
9.694096
9.659392
9.676422
9.792601
9.752971
9.715322
9.779556
9.790578
9.751049
9.763497
9.825322
9.934056
9.887353
9.842986
9.800836
9.810794
9.820255
9.829242
9.787780
9.948391
9.850971
9.908423
9.813002
9.772352
9.783734
9.794547
9.804820
9.814579
9.773850
9.785158
9.745900
9.758605
9.770674
9.832141
9.790534
9.751007
9.713457
9.727784
9.741395
9.754325
9.766609
9.778278
9.689364
9.704896
9.719651
9.683669
9.699485
9.664511
9.781285
9.842221
9.750110
9.862605
9.869474
9.876001
9.832201
9.940591
9.943561
9.896383
9.951564
9.853986
9.861286
9.918222
9.922311
9.926195
9.929886
9.883391
9.939222
9.942261
10.045148
10.092890
10.188246
10.178833
10.269892
10.406397
10.586077
10.806773
10.816435
11.175613
11.416832
11.445991
11.573691
11.645007
11.662756
11.729619
11.743138
11.605981
12.725682
12.839398
14.297428
15.032556
14.880929
16.186882
16.227538
16.366161
17.197853
16.937960
17.091062
16.886509
17.542184
17.165075
17.456821
17.783980
18.144781
18.387542
18.668165
23.234756
22.673019
22.839368
23.547399
24.220029
25.809028
26.718576
28.182648
28.173515
29.514840
30.689098
31.504643
33.179411
36.520440
36.344418
37.877197
39.283337
39.069170
40.765712
41.427426
41.206055
42.645752
43.863465
44.070291
44.416777
44.845938
44.753641
43.665959
42.782661
42.443528
41.921352
41.475284
40.851520
39.708944
38.723497
38.787322
38.047956
37.495558
37.720780
37.684741
38.000504
38.300479
39.435455
40.163682
43.655498
43.872723
43.729087
46.192633
52.533001
53.806351
53.916033
59.070232
60.366720
60.748384
61.110965
64.205417
65.195146
69.485389
68.661119
71.628063
75.646660
84.114327
85.408611
89.438180
99.366271
98.297958
100.533060
98.956407
100.008586
98.408157
101.687749
104.903362
105.258194
105.295284
104.130520
104.973994
103.375294
100.506529
100.281203
96.917143
94.521286
91.545221
90.317960
88.202062
87.241959
84.179861
84.770868
84.432325
81.460708
80.637673
81.605789
82.825500
80.134225
79.977514
87.128638
88.072206
94.018596
104.767666
124.529283
140.152819
148.545178
166.117919
169.912023
174.166422
187.958101
203.560196
215.382186
219.013077
223.212423
226.551802
228.074211
241.520501
246.594476
259.264752
271.301514
271.586439
269.307117
276.741761
268.654673
265.071939
263.668342
274.434925
270.513179
267.487520
260.913144
254.567487
247.239112
241.027157
242.525799
236.549509
232.772034
225.633432
222.901760
220.256672
216.543839
210.516647
206.340814
201.923774
198.377585
195.558706
189.230770
184.119232
180.513270
175.487607
171.513226
168.487565
165.063187
162.160028
160.402026
159.231925
156.570329
156.591812
155.112222
153.206611
152.146280
151.238966
153.177018
152.868167
151.524758
151.598521
155.518595
155.692665
161.258032
164.495130
165.470373
171.996855
174.847012
173.454661
172.631928
172.100332
169.145315
167.638050
166.806147
165.865840
165.322548
164.356420
166.138599
170.281669
166.417586
168.546707
168.269371
168.305903
169.990608
170.341077
175.074023
174.320322
176.854306
189.261591
198.398511
208.578586
215.049656
222.897174
223.352315
226.984699
230.185464
231.676191
226.342381
227.975262
224.726499
222.990174
221.540666
217.563632
217.085451
214.431178
213.159619
212.551638
208.824056
207.082854
203.778711
203.689775
200.355287
199.337522
198.270646
198.407114
197.786758
195.647420
192.765049
189.676797
185.742957
182.055809
179.253019
176.290368
173.675849
170.042057
168.139954
165.582956
163.803808
160.913618
157.667937
154.984540
149.085313
145.781048
143.641995
140.859895
138.566901
135.538556
131.911628
129.366046
126.547744
125.570357
122.591839
119.712247
119.326635
118.010303
118.809788
118.969299
118.070834
117.467292
117.243927
117.531731
117.455144
117.532387
117.055768
117.402979
118.382830
118.213689
117.453004
117.330354
116.813837
117.373145
118.504487
119.029263
120.127800
120.621410
121.740339
121.053322
121.700656
123.365624
124.847342
125.554975
126.927226
128.530865
130.054322
131.801606
132.961526
134.313449
134.447777
136.025388
136.724119
136.487913
136.313517
136.897841
137.652949
138.120302
136.614287
134.333572
133.966894
132.068549
131.465121
129.741865
129.654772
127.272034
126.108432
124.903010
123.257860
121.644967
118.812718
116.922083
115.975978
113.727179
113.390820
111.271279
110.657715
108.474830
108.201088
108.441034
109.068982
108.865533
107.622256
107.741144
106.604086
106.673882
105.440188
105.718179
104.982270
104.433156
102.261498
100.798423
99.758502
99.620577
99.239548
99.727571
99.091192
97.886633
96.942301
94.945186
93.947927
93.150530
91.593004
89.163354
88.555186
85.977427
84.578555
84.549628
82.272146
82.108539
82.103112
82.347956
82.780559
82.491531
82.166954
83.158606
82.700676
82.165642
81.957360
83.159492
82.901518
83.956442
84.158620
84.750689
85.563154
85.784996
86.645747
85.913459
85.517786
87.041897
85.489802
86.615312
85.534546
86.407819
87.537428
88.260557
88.947529
90.300152
88.535145
89.108388
88.052968
88.250320
90.437804
90.465914
91.742618
92.505487
93.480213
95.006202
95.655892
96.773097
98.534443
99.657720
101.324834
103.258593
104.295663
105.530880
106.954336
107.156619
109.948788
111.151349
111.793781
113.554092
115.276388
116.962568
118.164440
121.856218
123.363407
126.345237
129.227975
133.166576
136.858247
140.215335
145.704568
149.869340
154.025873
157.474579
162.200850
168.640808
174.458767
184.135829
192.929037
197.632586
208.500956
213.375908
215.707113
220.971757
225.623170
237.492011
244.017410
246.266540
257.153213
263.245552
265.633275
266.351611
267.534030
270.157329
272.299462
276.034489
276.132765
281.276127
277.362320
281.594204
283.714494
288.978769
295.779831
304.490839
314.266297
323.552983
332.375333
340.756567
348.718738
353.532801
356.006161
350.955853
354.508061
355.632658
362.101025
368.995974
375.546175
381.768866
387.680423
393.296402
398.631582
403.700002
408.515002
413.089252
417.434790
421.563050
425.484898
429.210653
432.750120
436.112614
439.306983
442.341634
445.224553
447.963325
450.565159
453.036901
455.385056
457.615803
459.735013
461.748262
463.660849
465.477807
467.203916
468.843720
470.401534
471.881458
473.287385
474.623016
475.891865
